16
m
0.000000 0.000000 0.000000
0.000000 0.000000 0.000000
P1T1 005 -0.104313 0 0.11205 1 0 0 0 1 0 0 0 1
P1T2 003 0 0 0 1 0 0 0 1 0 0 0 1
P2T1 005 -0.104313 0.11205 0 1 0 0 0 1 0 0 0 1
P2T2 003 0 0 0 0 0 0 0 0 0 0 0 0
P3T1 005 -0.104313 0 -0.11205 1 0 0 0 1 0 0 0 1
P3T2 003 0 0 0 0 0 0 0 0 0 0 0 0
P4T1 005 -0.104313 -0.11205 0 1 0 0 0 1 0 0 0 1
P4T2 003 0 0 0 0 0 0 0 0 0 0 0 0
P5T1 001 0 0 0 0 0 0 0 0 0 0 0 0
P5T2 001 0 0 0 0 0 0 0 0 0 0 0 0
P6T1 001 0 0 0 0 0 0 0 0 0 0 0 0
P6T2 001 0 0 0 0 0 0 0 0 0 0 0 0
P7T1 001 0 0 0 0 0 0 0 0 0 0 0 0
P7T2 001 0 0 0 0 0 0 0 0 0 0 0 0
P8T1 001 0 0 0 0 0 0 0 0 0 0 0 0
P8T2 001 0 0 0 0 0 0 0 0 0 0 0 0
0