13
m
0.000000 0.000000 0.000000
0.000000 0.000000 0.000000
MET1 006 0 0 0 0 0 0 0 0 0 0 0 0
P1T1 004 -0.104313 0 0.11205 1 0 0 0 1 0 0 0 1
P1T2 004 0 0 0 1 0 0 0 1 0 0 0 1
P2T1 004 -0.104313 0.11205 0 1 0 0 0 1 0 0 0 1
P2T2 004 0 0 0 0 0 0 0 0 0 0 0 0
P3T1 004 -0.104313 0 -0.11205 1 0 0 0 1 0 0 0 1
P3T2 004 0 0 0 0 0 0 0 0 0 0 0 0
P4T1 004 -0.104313 -0.11205 0 1 0 0 0 1 0 0 0 1
P4T2 004 0 0 0 0 0 0 0 0 0 0 0 0
P5T1 003 0 0 0 0 0 0 0 0 0 0 0 0
P5T2 003 0 0 0 0 0 0 0 0 0 0 0 0
P6T1 003 0 0 0 0 0 0 0 0 0 0 0 0
P6T2 003 0 0 0 0 0 0 0 0 0 0 0 0
0