33
m
0.000000 0.000000 0.000000
0.000000 0.000000 0.000000
MET1 008 0 0 0 0 0 0 0 0 0 0 0 0
MET2 008 0 0 0 0 0 0 0 0 0 0 0 0
MET3 008 0 0 0 0 0 0 0 0 0 0 0 0
AET1 006 0 0 0 0 0 0 0 0 0 0 0 0
AET2 006 0 0 0 0 0 0 0 0 0 0 0 0
AET3 006 0 0 0 0 0 0 0 0 0 0 0 0
AET4 006 0 0 0 0 0 0 0 0 0 0 0 0
AET5 006 0 0 0 0 0 0 0 0 0 0 0 0
AET6 006 0 0 0 0 0 0 0 0 0 0 0 0
P1T1 001 0 0 0 0 0 0 0 0 0 0 0 0
P1T2 001 0 0 0 0 0 0 0 0 0 0 0 0
P1T3 001 0 0 0 0 0 0 0 0 0 0 0 0
P1T4 001 0 0 0 0 0 0 0 0 0 0 0 0
P2T1 001 0 0 0 0 0 0 0 0 0 0 0 0
P2T2 001 0 0 0 0 0 0 0 0 0 0 0 0
P2T3 001 0 0 0 0 0 0 0 0 0 0 0 0
P2T4 001 0 0 0 0 0 0 0 0 0 0 0 0
P3T1 001 0 0 0 0 0 0 0 0 0 0 0 0
P3T2 001 0 0 0 0 0 0 0 0 0 0 0 0
P3T3 001 0 0 0 0 0 0 0 0 0 0 0 0
P3T4 001 0 0 0 0 0 0 0 0 0 0 0 0
P4T1 001 0 0 0 0 0 0 0 0 0 0 0 0
P4T2 001 0 0 0 0 0 0 0 0 0 0 0 0
P4T3 001 0 0 0 0 0 0 0 0 0 0 0 0
P4T4 001 0 0 0 0 0 0 0 0 0 0 0 0
P5T1 001 0 0 0 0 0 0 0 0 0 0 0 0
P5T2 001 0 0 0 0 0 0 0 0 0 0 0 0
P6T1 001 0 0 0 0 0 0 0 0 0 0 0 0
P6T2 001 0 0 0 0 0 0 0 0 0 0 0 0
P7T1 001 0 0 0 0 0 0 0 0 0 0 0 0
P7T2 001 0 0 0 0 0 0 0 0 0 0 0 0
P8T1 001 0 0 0 0 0 0 0 0 0 0 0 0
P8T2 001 0 0 0 0 0 0 0 0 0 0 0 0
0