32
m
0.000000 0.000000 0.000000
0.000000 0.000000 0.000000
P1T1 001 -1.000000e+00 1.484900e+00 1.484900e+00 0.000000e+00 0.000000e+00 1.000000e+00 -1.000000e+00 0.000000e+00 0.000000e+00 0.000000e+00 -1.000000e+00 0.000000e+00
P1T2 001 -1.000000e+00 1.484900e+00 1.484900e+00 0.000000e+00 0.000000e+00 -1.000000e+00 1.000000e+00 0.000000e+00 -0.000000e+00 0.000000e+00 -1.000000e+00 -0.000000e+00
P1T3 001 -1.000000e+00 1.484900e+00 1.484900e+00 -7.071000e-01 -0.000000e+00 0.000000e+00 0.000000e+00 -4.999904e-01 -7.071000e-01 0.000000e+00 -4.999904e-01 7.071000e-01
P1T4 001 -1.000000e+00 1.484900e+00 1.484900e+00 7.071000e-01 0.000000e+00 0.000000e+00 -0.000000e+00 -4.999904e-01 7.071000e-01 0.000000e+00 -4.999904e-01 -7.071000e-01
P2T1 001 -1.000000e+00 -1.484900e+00 1.484900e+00 0.000000e+00 0.000000e+00 1.000000e+00 -1.000000e+00 0.000000e+00 0.000000e+00 0.000000e+00 -1.000000e+00 0.000000e+00
P2T2 001 -1.000000e+00 -1.484900e+00 1.484900e+00 0.000000e+00 0.000000e+00 -1.000000e+00 1.000000e+00 0.000000e+00 -0.000000e+00 0.000000e+00 -1.000000e+00 -0.000000e+00
P2T3 001 -1.000000e+00 -1.484900e+00 1.484900e+00 -7.071000e-01 0.000000e+00 -0.000000e+00 0.000000e+00 4.999904e-01 -7.071000e-01 0.000000e+00 -4.999904e-01 -7.071000e-01
P2T4 001 -1.000000e+00 -1.484900e+00 1.484900e+00 7.071000e-01 0.000000e+00 0.000000e+00 0.000000e+00 4.999904e-01 7.071000e-01 0.000000e+00 -4.999904e-01 7.071000e-01
P3T1 001 -1.000000e+00 -1.484900e+00 -1.484900e+00 0.000000e+00 0.000000e+00 1.000000e+00 -1.000000e+00 0.000000e+00 0.000000e+00 0.000000e+00 -1.000000e+00 0.000000e+00
P3T2 001 -1.000000e+00 -1.484900e+00 -1.484900e+00 0.000000e+00 0.000000e+00 -1.000000e+00 1.000000e+00 0.000000e+00 -0.000000e+00 0.000000e+00 -1.000000e+00 -0.000000e+00
P3T3 001 -1.000000e+00 -1.484900e+00 -1.484900e+00 7.071000e-01 0.000000e+00 0.000000e+00 -0.000000e+00 -4.999904e-01 7.071000e-01 0.000000e+00 -4.999904e-01 -7.071000e-01
P3T4 001 -1.000000e+00 -1.484900e+00 -1.484900e+00 -7.071000e-01 -0.000000e+00 0.000000e+00 0.000000e+00 -4.999904e-01 -7.071000e-01 0.000000e+00 -4.999904e-01 7.071000e-01
P4T1 001 -1.000000e+00 1.484900e+00 -1.484900e+00 0.000000e+00 0.000000e+00 1.000000e+00 -1.000000e+00 0.000000e+00 0.000000e+00 0.000000e+00 -1.000000e+00 0.000000e+00
P4T2 001 -1.000000e+00 1.484900e+00 -1.484900e+00 0.000000e+00 0.000000e+00 -1.000000e+00 1.000000e+00 0.000000e+00 -0.000000e+00 0.000000e+00 -1.000000e+00 -0.000000e+00
P4T3 001 -1.000000e+00 1.484900e+00 -1.484900e+00 -7.071000e-01 0.000000e+00 -0.000000e+00 0.000000e+00 4.999904e-01 -7.071000e-01 0.000000e+00 -4.999904e-01 -7.071000e-01
P4T4 001 -1.000000e+00 1.484900e+00 -1.484900e+00 7.071000e-01 0.000000e+00 0.000000e+00 0.000000e+00 4.999904e-01 7.071000e-01 0.000000e+00 -4.999904e-01 7.071000e-01
P5T1 001 -6.000000e+00 1.484900e+00 1.484900e+00 0.000000e+00 0.000000e+00 1.000000e+00 -1.000000e+00 0.000000e+00 0.000000e+00 0.000000e+00 -1.000000e+00 0.000000e+00
P5T2 001 -6.000000e+00 1.484900e+00 1.484900e+00 0.000000e+00 0.000000e+00 -1.000000e+00 1.000000e+00 0.000000e+00 -0.000000e+00 0.000000e+00 -1.000000e+00 -0.000000e+00
P5T3 001 -6.000000e+00 1.484900e+00 1.484900e+00 -7.071000e-01 -0.000000e+00 0.000000e+00 0.000000e+00 -4.999904e-01 -7.071000e-01 0.000000e+00 -4.999904e-01 7.071000e-01
P5T4 001 -6.000000e+00 1.484900e+00 1.484900e+00 7.071000e-01 0.000000e+00 0.000000e+00 -0.000000e+00 -4.999904e-01 7.071000e-01 0.000000e+00 -4.999904e-01 -7.071000e-01
P6T1 001 -6.000000e+00 -1.484900e+00 1.484900e+00 0.000000e+00 0.000000e+00 1.000000e+00 -1.000000e+00 0.000000e+00 0.000000e+00 0.000000e+00 -1.000000e+00 0.000000e+00
P6T2 001 -6.000000e+00 -1.484900e+00 1.484900e+00 0.000000e+00 0.000000e+00 -1.000000e+00 1.000000e+00 0.000000e+00 -0.000000e+00 0.000000e+00 -1.000000e+00 -0.000000e+00
P6T3 001 -6.000000e+00 -1.484900e+00 1.484900e+00 -7.071000e-01 0.000000e+00 -0.000000e+00 0.000000e+00 4.999904e-01 -7.071000e-01 0.000000e+00 -4.999904e-01 -7.071000e-01
P6T4 001 -6.000000e+00 -1.484900e+00 1.484900e+00 7.071000e-01 0.000000e+00 0.000000e+00 0.000000e+00 4.999904e-01 7.071000e-01 0.000000e+00 -4.999904e-01 7.071000e-01
P7T1 001 -6.000000e+00 -1.484900e+00 -1.484900e+00 0.000000e+00 0.000000e+00 1.000000e+00 -1.000000e+00 0.000000e+00 0.000000e+00 0.000000e+00 -1.000000e+00 0.000000e+00
P7T2 001 -6.000000e+00 -1.484900e+00 -1.484900e+00 0.000000e+00 0.000000e+00 -1.000000e+00 1.000000e+00 0.000000e+00 -0.000000e+00 0.000000e+00 -1.000000e+00 -0.000000e+00
P7T3 001 -6.000000e+00 -1.484900e+00 -1.484900e+00 7.071000e-01 0.000000e+00 0.000000e+00 -0.000000e+00 -4.999904e-01 7.071000e-01 0.000000e+00 -4.999904e-01 -7.071000e-01
P7T4 001 -6.000000e+00 -1.484900e+00 -1.484900e+00 -7.071000e-01 -0.000000e+00 0.000000e+00 0.000000e+00 -4.999904e-01 -7.071000e-01 0.000000e+00 -4.999904e-01 7.071000e-01
P8T1 001 -6.000000e+00 1.484900e+00 -1.484900e+00 0.000000e+00 0.000000e+00 1.000000e+00 -1.000000e+00 0.000000e+00 0.000000e+00 0.000000e+00 -1.000000e+00 0.000000e+00
P8T2 001 -6.000000e+00 1.484900e+00 -1.484900e+00 0.000000e+00 0.000000e+00 -1.000000e+00 1.000000e+00 0.000000e+00 -0.000000e+00 0.000000e+00 -1.000000e+00 -0.000000e+00
P8T3 001 -6.000000e+00 1.484900e+00 -1.484900e+00 -7.071000e-01 0.000000e+00 -0.000000e+00 0.000000e+00 4.999904e-01 -7.071000e-01 0.000000e+00 -4.999904e-01 -7.071000e-01
P8T4 001 -6.000000e+00 1.484900e+00 -1.484900e+00 7.071000e-01 0.000000e+00 0.000000e+00 0.000000e+00 4.999904e-01 7.071000e-01 0.000000e+00 -4.999904e-01 7.071000e-01
0