8
m
0.000000 0.000000 0.000000
0.000000 0.000000 0.000000
P1T1 001 -0.104313 0.07125 0.11205 1 0 0 0 1 0 0 0 1
P1T2 001 -0.104313 -0.07125 0.11205 1 0 0 0 1 0 0 0 1
P2T1 001 -0.104313 0.11205 -0.07125 1 0 0 0 1 0 0 0 1
P2T2 001 -0.104313 0.11205 0.07125 1 0 0 0 1 0 0 0 1
P3T1 001 -0.104313 -0.07125 -0.11205 1 0 0 0 1 0 0 0 1
P3T2 001 -0.104313 0.07125 -0.11205 1 0 0 0 1 0 0 0 1
P4T1 001 -0.104313 -0.11205 0.07125 1 0 0 0 1 0 0 0 1
P4T2 001 -0.104313 -0.11205 -0.07125 1 0 0 0 1 0 0 0 1
0