16
m
0.000000 0.000000 0.000000
0.000000 0.000000 0.000000
P1T1 001 0 0 2.8 1 0 0 0 1 0 0 0 1
P1T2 001 0 0 2.8 0 1 0 -1 0 0 0 0 1
P1T3 001 0 0 2.8 -1 0 0 0 -1 0 0 0 1
P1T4 001 0 0 2.8 0 -1 0 1 0 0 0 0 1
P2T1 001 0 2.8 0 1 0 0 0 1 0 0 0 1
P2T2 001 0 2.8 0 0 1 0 -1 0 0 0 0 1
P2T3 001 0 2.8 0 -1 0 0 0 -1 0 0 0 1
P2T4 001 0 2.8 0 0 -1 0 1 0 0 0 0 1
P3T1 001 0 0 -2.8 1 0 0 0 1 0 0 0 1
P3T2 001 0 0 -2.8 0 1 0 -1 0 0 0 0 1
P3T3 001 0 0 -2.8 -1 0 0 0 -1 0 0 0 1
P3T4 001 0 0 -2.8 0 -1 0 1 0 0 0 0 1
P4T1 001 0 -2.8 0 1 0 0 0 1 0 0 0 1
P4T2 001 0 -2.8 0 0 1 0 -1 0 0 0 0 1
P4T3 001 0 -2.8 0 -1 0 0 0 -1 0 0 0 1
P4T4 001 0 -2.8 0 0 -1 0 1 0 0 0 0 1
0